one = [259, 305; 593, 411;];

seven = [277, 461; 663, 435;];

save one.mat

save seven.mat;

